#doc name topic proportion ...
0	file:/Users/karinabunyik/BTSync/Data/Internal/malletTwitterLDA_medium/386931932497317888.txt	1	0.125	8	0.10714285714285714	7	0.10714285714285714	3	0.10714285714285714	2	0.10714285714285714	
1	file:/Users/karinabunyik/BTSync/Data/Internal/malletTwitterLDA_medium/386878136144498689.txt	4	0.12962962962962962	6	0.1111111111111111	5	0.1111111111111111	
2	file:/Users/karinabunyik/BTSync/Data/Internal/malletTwitterLDA_medium/386926107758325761.txt	9	0.14035087719298245	0	0.12280701754385964	5	0.10526315789473684	3	0.10526315789473684	
3	file:/Users/karinabunyik/BTSync/Data/Internal/malletTwitterLDA_medium/386934345677537281.txt	7	0.12962962962962962	8	0.1111111111111111	0	0.1111111111111111	
4	file:/Users/karinabunyik/BTSync/Data/Internal/malletTwitterLDA_medium/386910623033851904.txt	6	0.12962962962962962	4	0.12962962962962962	
5	file:/Users/karinabunyik/BTSync/Data/Internal/malletTwitterLDA_medium/386928077151797248.txt	3	0.12962962962962962	5	0.1111111111111111	4	0.1111111111111111	
6	file:/Users/karinabunyik/BTSync/Data/Internal/malletTwitterLDA_medium/386891244187947008.txt	4	0.13333333333333333	9	0.11666666666666667	6	0.11666666666666667	1	0.11666666666666667	8	0.1	
7	file:/Users/karinabunyik/BTSync/Data/Internal/malletTwitterLDA_medium/386908549105741824.txt	5	0.13333333333333333	3	0.13333333333333333	9	0.1	6	0.1	2	0.1	1	0.1	
8	file:/Users/karinabunyik/BTSync/Data/Internal/malletTwitterLDA_medium/386930692312936448.txt	3	0.125	9	0.10714285714285714	6	0.10714285714285714	5	0.10714285714285714	0	0.10714285714285714	
9	file:/Users/karinabunyik/BTSync/Data/Internal/malletTwitterLDA_medium/386926253741068288.txt	8	0.11538461538461539	4	0.11538461538461539	
10	file:/Users/karinabunyik/BTSync/Data/Internal/malletTwitterLDA_medium/386925910063972352.txt	4	0.125	9	0.10714285714285714	8	0.10714285714285714	6	0.10714285714285714	2	0.10714285714285714	
11	file:/Users/karinabunyik/BTSync/Data/Internal/malletTwitterLDA_medium/386910460848504832.txt	7	0.11538461538461539	1	0.11538461538461539	
12	file:/Users/karinabunyik/BTSync/Data/Internal/malletTwitterLDA_medium/386930266700132353.txt	4	0.125	3	0.125	9	0.10714285714285714	1	0.10714285714285714	
13	file:/Users/karinabunyik/BTSync/Data/Internal/malletTwitterLDA_medium/386911052618686464.txt	0	0.1346153846153846	
14	file:/Users/karinabunyik/BTSync/Data/Internal/malletTwitterLDA_medium/386934305928130561.txt	8	0.12962962962962962	7	0.1111111111111111	6	0.1111111111111111	
15	file:/Users/karinabunyik/BTSync/Data/Internal/malletTwitterLDA_medium/386928977886978048.txt	4	0.12280701754385964	9	0.10526315789473684	6	0.10526315789473684	5	0.10526315789473684	3	0.10526315789473684	2	0.10526315789473684	
16	file:/Users/karinabunyik/BTSync/Data/Internal/malletTwitterLDA_medium/386878456996184066.txt	6	0.12727272727272726	9	0.10909090909090909	5	0.10909090909090909	1	0.10909090909090909	
17	file:/Users/karinabunyik/BTSync/Data/Internal/malletTwitterLDA_medium/386929962969608192.txt	3	0.12727272727272726	8	0.10909090909090909	5	0.10909090909090909	1	0.10909090909090909	
